1096 2
1 1
2 0
3 0
4 0
5 1
6 0
7 1
8 0
9 1
10 0
11 0
12 1
13 0
14 0
15 1
16 0
17 0
18 1
19 0
20 0
21 1
22 0
23 1
24 1
25 1
26 0
27 1
28 0
29 0
30 0
31 0
32 1
33 1
34 1
35 0
36 0
37 1
38 1
39 1
40 1
41 0
42 1
43 1
44 0
45 1
46 0
47 1
48 0
49 0
50 0
51 0
52 1
53 1
54 1
55 1
56 0
57 1
58 0
59 0
60 1
61 0
62 1
63 0
64 1
65 1
66 0
67 0
68 0
69 0
70 0
71 0
72 0
73 0
74 0
75 1
76 1
77 1
78 0
79 0
80 0
81 1
82 0
83 1
84 1
85 0
86 1
87 1
88 0
89 0
90 1
91 1
92 0
93 0
94 1
95 1
96 1
97 1
98 1
99 1
100 0
101 1
102 0
103 0
104 0
105 1
106 1
107 1
108 1
109 1
110 1
111 1
112 0
113 1
114 1
115 1
116 0
117 1
118 1
119 0
120 1
121 0
122 0
123 1
124 1
125 1
126 0
127 0
128 0
129 0
130 1
131 1
132 0
133 1
134 1
135 1
136 1
137 0
138 1
139 1
140 1
141 0
142 0
143 0
144 1
145 0
146 1
147 0
148 0
149 1
150 1
151 0
152 1
153 1
154 1
155 0
156 1
157 1
158 0
159 1
160 1
161 0
162 0
163 1
164 0
165 1
166 1
167 0
168 1
169 1
170 1
171 0
172 0
173 0
174 0
175 0
176 0
177 0
178 0
179 0
180 1
181 0
182 1
183 0
184 1
185 1
186 1
187 0
188 1
189 0
190 0
191 1
192 1
193 0
194 1
195 0
196 0
197 0
198 0
199 0
200 1
201 1
202 0
203 1
204 1
205 1
206 0
207 0
208 0
209 1
210 0
211 0
212 1
213 1
214 1
215 1
216 0
217 1
218 1
219 1
220 0
221 1
222 0
223 1
224 1
225 0
226 1
227 1
228 1
229 1
230 0
231 1
232 1
233 1
234 0
235 0
236 0
237 1
238 1
239 0
240 0
241 1
242 0
243 0
244 0
245 0
246 1
247 1
248 1
249 1
250 0
251 1
252 1
253 0
254 1
255 0
256 1
257 0
258 1
259 1
260 0
261 1
262 0
263 0
264 1
265 1
266 1
267 1
268 1
269 1
270 1
271 0
272 0
273 0
274 1
275 0
276 1
277 0
278 0
279 0
280 0
281 1
282 0
283 0
284 0
285 0
286 1
287 1
288 0
289 1
290 0
291 0
292 0
293 1
294 0
295 1
296 0
297 1
298 0
299 0
300 0
301 1
302 1
303 1
304 1
305 1
306 0
307 0
308 0
309 0
310 1
311 0
312 0
313 1
314 0
315 0
316 1
317 1
318 0
319 0
320 1
321 1
322 0
323 1
324 0
325 1
326 1
327 0
328 0
329 1
330 1
331 0
332 0
333 1
334 1
335 1
336 0
337 0
338 0
339 0
340 0
341 1
342 0
343 1
344 0
345 1
346 0
347 1
348 0
349 0
350 0
351 0
352 1
353 0
354 1
355 1
356 0
357 1
358 0
359 0
360 0
361 0
362 0
363 0
364 0
365 0
366 0
367 0
368 0
369 0
370 0
371 1
372 0
373 0
374 1
375 0
376 1
377 0
378 1
379 1
380 1
381 0
382 0
383 1
384 1
385 1
386 1
387 1
388 0
389 1
390 0
391 1
392 0
393 1
394 1
395 1
396 1
397 0
398 0
399 0
400 1
401 0
402 0
403 1
404 1
405 0
406 0
407 0
408 0
409 1
410 0
411 0
412 1
413 1
414 1
415 0
416 0
417 0
418 1
419 0
420 0
421 0
422 1
423 1
424 1
425 1
426 1
427 0
428 1
429 0
430 1
431 0
432 0
433 0
434 1
435 1
436 1
437 0
438 1
439 1
440 1
441 0
442 1
443 1
444 0
445 1
446 1
447 0
448 1
449 0
450 0
451 0
452 1
453 0
454 0
455 1
456 1
457 1
458 1
459 1
460 0
461 0
462 1
463 1
464 1
465 0
466 0
467 0
468 1
469 0
470 0
471 0
472 0
473 1
474 1
475 1
476 0
477 1
478 1
479 1
480 0
481 0
482 1
483 0
484 0
485 0
486 1
487 0
488 0
489 0
490 0
491 0
492 0
493 1
494 0
495 1
496 1
497 0
498 1
499 1
500 1
501 1
502 1
503 1
504 0
505 1
506 0
507 0
508 1
509 0
510 1
511 1
512 1
513 1
514 0
515 0
516 1
517 0
518 0
519 0
520 0
521 1
522 1
523 1
524 1
525 1
526 1
527 0
528 0
529 0
530 1
531 1
532 0
533 1
534 1
535 0
536 1
537 0
538 1
539 0
540 0
541 0
542 0
543 1
544 0
545 0
546 0
547 0
548 0
549 1
550 0
551 0
552 0
553 0
554 0
555 1
556 0
557 1
558 0
559 0
560 1
561 0
562 0
563 1
564 0
565 1
566 1
567 1
568 1
569 1
570 0
571 1
572 1
573 1
574 0
575 0
576 1
577 1
578 0
579 0
580 1
581 1
582 0
583 1
584 0
585 0
586 1
587 1
588 1
589 1
590 1
591 1
592 0
593 1
594 1
595 0
596 1
597 0
598 0
599 0
600 0
601 1
602 1
603 1
604 1
605 0
606 1
607 0
608 1
609 0
610 1
611 0
612 1
613 1
614 1
615 0
616 0
617 0
618 1
619 0
620 0
621 0
622 1
623 0
624 0
625 1
626 1
627 1
628 1
629 0
630 0
631 0
632 1
633 1
634 0
635 1
636 1
637 1
638 1
639 0
640 0
641 1
642 1
643 0
644 1
645 1
646 1
647 0
648 1
649 0
650 0
651 0
652 0
653 1
654 1
655 1
656 1
657 1
658 1
659 0
660 1
661 0
662 1
663 1
664 0
665 0
666 0
667 1
668 1
669 1
670 1
671 0
672 0
673 1
674 0
675 1
676 0
677 0
678 0
679 1
680 0
681 1
682 1
683 1
684 1
685 1
686 1
687 1
688 1
689 0
690 0
691 1
692 1
693 1
694 1
695 0
696 0
697 0
698 0
699 0
700 0
701 1
702 1
703 0
704 0
705 0
706 0
707 0
708 1
709 0
710 1
711 0
712 0
713 0
714 0
715 0
716 1
717 1
718 0
719 0
720 0
721 0
722 0
723 1
724 1
725 0
726 0
727 1
728 1
729 1
730 0
731 0
732 0
733 0
734 0
735 0
736 0
737 1
738 0
739 1
740 0
741 0
742 1
743 1
744 1
745 1
746 0
747 1
748 0
749 0
750 1
751 0
752 0
753 1
754 0
755 1
756 1
757 0
758 1
759 0
760 1
761 1
762 0
763 0
764 0
765 1
766 0
767 1
768 1
769 1
770 1
771 0
772 1
773 1
774 1
775 0
776 0
777 1
778 0
779 1
780 0
781 0
782 1
783 0
784 0
785 0
786 1
787 0
788 1
789 0
790 1
791 0
792 0
793 1
794 0
795 1
796 1
797 1
798 0
799 1
800 1
801 0
802 1
803 0
804 0
805 1
806 1
807 1
808 1
809 0
810 0
811 1
812 1
813 0
814 1
815 0
816 0
817 0
818 0
819 1
820 0
821 0
822 0
823 0
824 1
825 0
826 0
827 0
828 1
829 1
830 1
831 1
832 0
833 1
834 1
835 1
836 1
837 0
838 0
839 1
840 1
841 0
842 1
843 1
844 0
845 0
846 1
847 0
848 0
849 0
850 1
851 0
852 1
853 1
854 1
855 0
856 0
857 0
858 1
859 1
860 0
861 1
862 1
863 0
864 1
865 1
866 0
867 1
868 1
869 0
870 0
871 1
872 0
873 0
874 0
875 1
876 0
877 1
878 1
879 1
880 0
881 1
882 0
883 0
884 0
885 1
886 0
887 1
888 1
889 0
890 1
891 0
892 1
893 0
894 1
895 0
896 1
897 0
898 1
899 0
900 0
901 0
902 1
903 1
904 1
905 1
906 1
907 1
908 1
909 1
910 0
911 1
912 1
913 1
914 0
915 0
916 1
917 0
918 1
919 0
920 0
921 1
922 0
923 1
924 0
925 0
926 1
927 1
928 1
929 0
930 0
931 1
932 1
933 0
934 1
935 1
936 1
937 0
938 1
939 0
940 0
941 0
942 1
943 1
944 0
945 1
946 1
947 0
948 1
949 1
950 0
951 0
952 0
953 0
954 1
955 0
956 1
957 1
958 0
959 1
960 0
961 0
962 0
963 0
964 0
965 0
966 1
967 0
968 0
969 1
970 0
971 0
972 1
973 0
974 1
975 0
976 1
977 0
978 1
979 0
980 1
981 0
982 0
983 0
984 1
985 0
986 0
987 0
988 1
989 0
990 1
991 0
992 0
993 0
994 1
995 1
996 1
997 1
998 0
999 0
1000 0
1001 1
1002 1
1003 0
1004 1
1005 1
1006 0
1007 0
1008 0
1009 1
1010 1
1011 0
1012 0
1013 1
1014 1
1015 0
1016 1
1017 0
1018 1
1019 1
1020 1
1021 1
1022 1
1023 0
1024 0
1025 0
1026 1
1027 0
1028 0
1029 1
1030 1
1031 1
1032 0
1033 0
1034 1
1035 0
1036 0
1037 0
1038 0
1039 1
1040 0
1041 1
1042 1
1043 1
1044 0
1045 1
1046 0
1047 0
1048 0
1049 0
1050 0
1051 0
1052 0
1053 0
1054 0
1055 0
1056 1
1057 0
1058 0
1059 1
1060 0
1061 0
1062 0
1063 0
1064 0
1065 1
1066 1
1067 0
1068 1
1069 1
1070 0
1071 1
1072 1
1073 1
1074 1
1075 1
1076 0
1077 0
1078 1
1079 0
1080 0
1081 0
1082 0
1083 0
1084 1
1085 0
1086 0
1087 0
1088 1
1089 0
1090 0
1091 0
1092 0
1093 0
1094 1
1095 0
