1096 1942
3 492
3 919
4 133
4 758
4 1023
8 1006
8 976
8 82
14 981
14 174
16 535
16 386
16 240
16 8
16 1006
16 1040
16 976
16 493
26 550
26 800
26 230
26 657
28 403
30 1054
34 395
42 614
42 721
42 651
42 962
42 1053
56 960
58 544
58 111
65 664
65 413
77 424
80 47
96 1095
97 924
108 90
108 1061
108 560
118 806
119 232
119 210
119 356
124 836
130 494
145 18
146 895
154 333
158 221
158 682
158 395
160 231
160 361
172 318
173 321
173 756
173 857
173 934
173 308
173 256
189 187
190 796
194 897
196 1017
207 21
207 875
207 149
207 330
207 17
210 280
210 119
218 312
218 292
218 532
218 861
218 820
218 226
218 48
218 523
218 540
218 1042
218 977
218 395
218 907
218 816
218 682
218 221
218 1093
218 181
218 259
218 1003
218 34
218 519
218 85
218 516
218 584
218 163
218 402
218 419
218 860
218 1080
218 668
218 972
218 441
218 1049
218 483
218 1045
218 158
218 748
218 406
218 624
218 6
218 572
218 841
218 286
218 779
233 533
233 903
241 1058
241 133
241 758
241 963
241 1023
241 863
239 526
239 227
239 353
239 688
250 736
250 409
249 804
257 372
257 843
256 321
256 756
256 857
256 934
256 308
256 383
275 212
275 784
283 803
298 236
298 681
298 92
298 899
298 83
298 148
298 940
298 479
299 352
299 851
299 726
299 632
299 608
303 204
304 365
304 306
304 451
321 756
321 857
321 934
321 308
321 383
321 855
338 382
339 601
362 663
362 452
362 576
362 287
362 349
362 429
362 147
362 856
362 235
362 426
362 566
362 769
362 45
362 325
367 793
368 373
370 765
370 474
381 298
381 92
381 681
380 476
380 868
393 579
395 1018
395 1049
395 748
395 907
395 860
395 1045
395 714
395 540
401 522
405 404
405 533
405 625
407 1065
407 690
407 423
410 469
411 455
419 286
419 714
424 74
425 430
433 748
433 286
434 94
449 62
449 589
449 445
449 170
452 576
452 287
452 349
452 429
452 718
452 856
452 235
452 325
452 756
464 434
464 688
464 353
469 1092
469 124
471 189
482 553
482 943
485 120
486 797
486 405
490 362
490 663
490 452
490 576
490 287
490 349
490 429
490 856
490 235
490 426
490 566
490 769
490 325
490 147
495 819
495 309
495 122
496 910
504 373
514 533
514 405
514 525
526 591
526 520
526 94
526 765
526 353
526 577
526 771
525 903
533 810
533 175
533 451
533 525
533 84
533 903
533 629
533 1055
533 514
538 231
542 1015
546 316
554 266
555 293
574 991
574 251
574 46
576 287
576 349
576 429
576 718
576 856
576 235
576 325
576 426
576 756
576 857
578 827
578 820
586 478
586 307
586 796
586 442
587 373
593 374
593 346
593 804
593 187
607 522
607 1023
607 241
607 1058
607 491
607 622
607 964
607 66
607 133
607 758
607 963
607 1070
607 287
607 929
607 755
607 617
607 1067
607 91
607 863
617 522
617 1058
621 266
629 533
640 409
644 604
644 901
644 29
644 840
647 455
655 1047
657 230
657 67
663 452
663 576
663 287
663 349
663 429
663 718
663 856
663 235
663 325
678 264
688 615
688 227
716 191
717 408
717 183
717 1007
736 409
736 647
736 113
736 127
736 643
740 991
740 46
740 43
740 575
740 574
747 107
747 19
754 928
754 180
756 857
756 934
756 308
756 383
756 855
756 673
764 446
764 535
764 1006
766 804
766 678
766 288
766 264
775 220
784 212
785 373
788 1055
788 514
788 797
788 625
788 903
794 136
794 313
801 5
801 628
801 427
821 693
822 114
822 898
829 862
849 493
849 1006
849 569
849 322
849 535
849 386
849 430
857 934
857 308
857 383
857 855
857 673
857 730
878 817
880 928
880 180
890 67
893 736
893 409
893 250
898 113
898 893
898 736
898 409
898 59
898 250
898 114
902 558
934 308
934 383
934 855
934 673
934 730
937 515
943 553
943 735
943 363
943 708
943 639
943 482
943 998
945 661
946 911
946 716
949 551
949 635
949 609
961 49
964 566
964 1070
964 241
964 133
964 1058
965 72
969 873
969 885
978 324
984 710
984 460
984 844
984 477
984 326
989 926
992 976
993 588
993 201
993 771
993 526
993 591
993 474
993 227
993 270
993 323
993 234
993 118
1007 717
1009 870
1012 511
1012 674
1012 237
1012 109
1023 241
1023 1058
1023 91
1023 622
1023 964
1023 491
1040 976
1040 535
1043 621
1045 470
1045 1003
1045 907
1045 7
1045 305
1045 540
1045 532
1045 668
1045 1049
1045 286
1047 655
1047 450
1047 545
1047 314
1047 892
1047 100
1048 142
1046 593
1049 292
1049 624
1049 1045
1049 668
1055 514
1055 709
1069 176
1073 659
1073 472
1077 637
1080 1003
1080 907
1085 484
1085 160
1085 231
1085 361
1086 1003
1086 120
1092 274
1092 1071
1092 997
1092 124
10 1045
18 592
18 387
18 666
22 823
36 205
36 167
36 713
36 874
40 184
46 126
46 991
46 574
46 251
48 748
48 860
59 736
59 409
59 647
59 272
59 643
68 386
73 131
73 67
79 72
92 298
92 479
103 925
115 227
115 526
116 782
128 907
128 39
128 578
128 714
126 46
126 524
134 653
138 610
138 711
138 715
141 543
144 664
150 527
152 14
156 993
156 591
156 520
156 356
156 464
156 227
156 648
156 193
156 370
156 94
156 556
156 434
156 345
156 641
156 270
156 115
162 463
165 807
166 489
166 869
177 61
183 580
185 216
199 1025
201 434
201 345
201 227
202 1073
206 373
206 368
206 1000
206 587
206 366
206 828
206 785
206 504
206 719
214 624
214 669
214 1003
214 286
222 716
225 23
227 261
227 615
227 345
227 474
227 688
227 567
227 243
227 323
229 357
235 426
235 566
235 769
235 1032
235 161
235 45
235 325
235 147
238 81
252 896
267 467
267 1064
272 310
272 105
282 995
282 501
282 722
282 375
288 804
292 532
292 861
292 540
292 1045
296 650
310 272
314 655
317 231
325 426
325 566
325 769
325 1032
325 161
325 45
325 147
325 173
327 980
331 742
336 1030
336 295
336 946
341 484
341 231
341 361
341 1085
341 160
341 780
341 912
345 577
345 270
345 688
345 227
345 474
346 845
346 926
354 748
354 305
353 201
353 434
353 118
353 464
373 366
373 828
373 504
386 82
386 1040
386 446
396 509
396 177
418 646
418 95
418 319
418 1063
427 560
426 566
426 769
426 1032
426 161
426 45
426 147
426 173
426 857
430 1034
430 976
436 618
440 22
443 1051
443 301
443 416
443 839
444 949
444 551
444 635
444 609
447 244
453 500
453 950
453 506
461 195
461 296
461 650
461 276
462 419
484 231
491 622
491 964
491 91
491 607
491 241
505 404
508 1044
517 415
520 227
520 353
520 201
520 526
520 688
528 183
534 388
534 518
534 932
536 188
537 350
537 212
547 12
547 838
547 593
547 1062
547 9
547 678
547 701
547 926
547 766
547 966
547 804
547 733
557 386
559 14
559 670
559 174
559 152
560 108
560 750
560 119
560 280
561 682
561 470
566 769
566 1032
566 161
566 45
566 147
566 173
566 256
566 857
567 201
567 353
568 465
572 286
572 354
572 214
572 1003
572 748
572 1042
581 47
582 595
585 41
585 941
585 987
585 35
585 164
585 15
602 280
602 599
602 32
602 108
610 711
610 715
610 770
610 626
641 591
641 577
641 520
648 795
648 193
648 591
648 688
648 239
648 999
648 356
652 449
652 445
652 437
668 395
668 221
668 1003
668 748
668 523
668 1045
673 730
673 473
674 302
674 645
674 497
676 263
676 328
679 917
689 153
695 432
699 852
708 553
708 943
708 735
709 1078
712 1019
712 135
713 737
713 205
713 284
713 874
713 168
714 218
714 907
727 800
733 547
745 239
746 700
750 108
750 599
760 104
760 299
760 608
760 24
760 332
760 110
760 38
760 217
760 358
760 1094
760 456
760 132
760 178
763 1044
763 487
765 201
770 438
769 1032
769 161
769 45
769 147
769 173
769 256
769 857
772 777
772 802
772 106
771 591
779 1045
792 1003
808 905
811 1087
813 199
813 384
816 748
818 793
818 717
820 748
820 1093
820 419
853 1007
853 1041
853 818
853 793
853 717
853 367
861 762
861 1003
861 572
861 748
861 1045
861 561
871 215
871 453
871 500
871 950
871 952
871 506
871 555
871 334
874 713
874 737
876 3
877 417
884 724
888 723
900 1035
913 783
920 1079
925 119
928 180
928 880
928 754
928 86
933 532
947 621
950 500
950 293
950 506
954 1014
970 185
979 242
988 861
991 46
991 574
991 126
991 734
991 151
1003 1045
1003 816
1003 470
1003 1093
1003 1060
1003 1042
1003 748
1003 402
1020 1038
1022 712
1024 474
1026 935
1026 767
1032 161
1032 45
1032 147
1032 173
1032 256
1032 321
1041 818
1060 221
1060 1045
1062 731
590 813
5 179
5 359
5 634
5 628
5 427
5 510
7 1003
7 532
12 593
41 941
44 837
63 514
64 82
69 117
71 654
76 286
85 395
85 1060
85 289
105 736
105 409
105 640
113 893
113 736
113 409
113 529
113 789
113 250
113 114
114 59
114 736
114 409
114 647
114 105
114 113
114 411
114 643
114 921
117 342
120 682
120 824
125 1021
133 758
133 963
133 287
133 349
133 429
133 718
133 25
133 490
133 362
133 663
140 70
155 1027
155 117
161 45
161 147
161 173
161 256
161 321
161 756
169 593
174 14
181 907
181 1045
181 1003
193 323
193 370
193 94
193 688
193 464
193 526
193 115
205 36
219 832
219 468
223 208
230 657
230 165
230 26
230 550
234 683
243 526
251 574
254 502
259 292
259 286
259 1003
263 328
287 349
287 429
287 718
287 856
287 235
287 426
287 325
287 756
287 857
287 934
287 308
293 871
307 796
307 190
308 383
308 855
308 673
308 730
322 446
322 630
322 493
322 976
322 430
323 765
323 474
323 464
323 243
323 239
333 211
333 1072
333 879
337 386
343 716
344 702
347 931
347 1056
347 494
348 1016
349 429
349 718
349 856
349 235
349 426
349 566
349 325
349 4
349 756
349 857
349 934
349 308
355 989
356 648
356 344
356 353
363 943
364 1011
365 304
375 995
376 710
382 327
383 855
385 611
385 768
385 435
385 448
389 253
390 985
391 853
391 1007
391 1041
391 818
391 367
391 793
391 408
391 717
399 1057
399 825
399 680
402 532
402 286
423 407
423 690
429 718
429 856
429 235
429 426
429 566
429 769
429 325
429 756
429 857
429 934
429 308
429 383
431 101
442 796
446 849
446 493
446 82
446 386
446 530
446 976
446 430
446 425
446 1034
446 8
446 300
446 535
446 1006
446 1040
446 16
463 394
470 516
470 48
470 1003
470 860
475 789
480 143
480 848
478 307
478 796
478 190
474 993
474 353
474 201
474 227
498 705
498 703
501 995
509 61
509 1043
518 932
521 333
530 386
530 976
530 16
530 322
535 386
535 322
535 1006
535 446
535 557
535 569
535 764
541 523
551 635
553 943
553 735
553 708
553 482
571 131
571 67
579 680
579 399
579 825
579 1057
591 520
591 201
591 345
591 474
591 615
591 239
591 577
596 3
599 119
599 108
599 1061
609 635
612 694
622 964
622 4
622 758
622 963
622 25
622 490
622 362
622 1058
622 241
622 133
622 287
622 349
622 91
622 452
625 797
625 505
625 788
625 903
625 533
625 810
625 451
625 525
625 1005
625 404
625 636
625 514
625 213
625 200
625 629
625 233
630 82
630 691
630 16
631 722
631 375
631 121
631 439
631 995
633 680
642 1048
646 257
656 116
656 782
656 562
658 454
662 1026
662 935
662 767
664 413
665 131
665 123
680 399
680 1057
680 825
680 109
680 674
683 344
682 395
682 1003
682 419
682 748
684 207
690 407
690 1065
692 746
711 715
711 1088
718 856
718 235
718 426
718 566
718 769
718 1032
718 325
718 756
718 857
718 934
718 308
718 383
734 46
738 418
738 646
748 286
748 20
748 54
748 613
748 305
748 907
748 860
748 516
748 470
748 1045
748 503
748 532
758 963
758 25
758 490
758 362
758 452
758 576
758 663
758 287
758 349
758 429
758 718
758 856
758 622
761 1082
761 1
773 655
776 851
786 746
786 700
786 692
791 72
791 704
791 965
795 193
795 526
804 570
804 346
806 270
809 996
809 600
833 298
836 469
836 124
840 915
840 901
840 604
840 268
842 1074
842 743
842 447
842 953
842 958
842 922
842 186
841 572
848 143
851 24
851 197
851 608
855 673
855 730
856 235
856 426
856 566
856 769
856 1032
856 161
856 325
859 241
860 419
860 907
860 820
870 654
873 459
873 1089
889 619
889 835
894 778
903 625
903 797
903 533
903 98
903 451
903 1005
903 788
903 514
903 404
903 810
904 283
904 320
914 245
914 716
921 736
921 409
935 512
939 583
939 627
1095 258
942 973
952 555
957 290
959 351
963 25
963 490
963 362
963 452
963 576
963 287
963 349
963 429
963 718
963 856
963 622
971 1004
971 141
982 386
1002 662
1002 1026
1002 935
1002 767
1008 1028
1029 336
1029 1030
1031 787
1042 668
1042 395
1042 1045
1042 532
1042 861
1052 464
1065 407
1065 690
1065 423
1066 784
1074 743
1075 903
1084 51
1089 1092
1089 274
1089 459
1089 873
1089 997
1093 748
1093 20
1093 613
1093 221
1093 861
1093 1003
1093 181
1093 1045
1093 907
1093 532
1093 7
1093 120
1093 682
1093 481
1093 286
620 33
1094 608
13 311
25 490
25 362
25 452
25 576
25 287
25 349
25 663
25 429
31 563
37 552
39 312
45 147
45 173
45 321
45 256
45 756
45 857
47 581
52 597
52 695
57 379
67 665
67 246
67 131
78 2
82 1040
82 425
82 386
82 530
91 426
91 325
91 235
91 392
91 45
91 400
91 1058
91 490
91 362
91 566
91 241
91 192
91 964
94 474
112 265
112 886
112 930
112 830
129 881
131 594
132 1073
132 961
132 49
132 224
132 753
132 472
132 531
132 297
132 371
132 887
132 619
132 826
132 1036
132 507
132 93
132 739
132 659
132 851
132 994
132 757
132 725
132 209
132 846
136 418
137 951
147 173
147 321
147 756
147 256
147 857
147 934
157 1022
157 712
163 20
163 748
163 540
167 713
167 874
171 539
182 279
195 296
203 423
213 533
215 500
221 1093
221 1003
221 470
221 395
221 1045
221 668
221 27
221 1049
226 48
226 305
226 907
226 696
247 329
260 11
269 1089
269 1092
270 412
270 323
270 683
273 858
273 53
277 1038
277 1020
278 460
281 799
281 891
280 599
280 119
280 108
280 685
284 205
285 564
286 354
286 986
286 669
286 1045
286 7
286 624
286 861
286 1003
286 1042
286 532
286 76
286 781
312 292
312 532
312 861
312 523
312 540
312 1042
312 668
312 218
312 977
312 395
312 907
312 226
312 48
312 820
312 748
312 613
312 1093
312 221
312 503
312 1003
312 441
312 682
312 698
312 259
312 34
312 85
312 516
312 163
312 402
312 419
312 860
312 1080
312 87
312 696
312 762
312 181
312 1045
312 158
312 816
312 624
312 584
312 286
312 572
312 841
312 779
312 1049
315 601
319 843
319 738
340 872
340 69
340 700
340 117
357 936
358 608
358 456
360 864
360 80
360 47
360 854
360 414
360 1059
360 60
360 749
360 50
360 1013
360 581
360 255
360 1001
360 88
360 1090
360 1037
366 373
366 828
377 218
378 228
379 944
379 751
387 18
388 518
388 932
398 616
404 514
404 420
404 788
409 647
409 59
409 421
409 114
409 529
409 113
409 643
421 114
421 736
421 105
435 448
435 671
435 768
435 611
451 304
451 941
457 605
457 831
460 957
467 1064
499 662
499 1026
499 1002
499 935
499 767
493 82
493 691
493 1040
493 1006
493 535
493 446
493 386
493 322
493 764
493 557
493 425
500 506
503 516
506 500
506 555
506 293
513 407
513 690
513 752
522 1023
522 198
523 907
523 1042
523 668
523 682
523 395
523 221
523 1093
523 181
523 1045
523 1003
523 286
523 748
532 861
532 1003
532 259
532 395
532 458
532 668
532 967
532 1045
532 748
532 102
532 540
532 292
532 790
532 572
532 433
540 532
540 395
540 1093
545 159
548 506
549 75
564 598
564 285
564 271
565 697
573 422
573 834
588 193
597 695
603 847
606 613
606 1003
608 139
608 1094
611 448
613 221
613 1093
613 503
613 226
624 419
624 748
624 540
624 606
624 1003
624 102
624 428
624 532
624 988
649 774
651 42
660 488
667 638
667 294
667 55
672 540
671 448
677 983
686 1050
686 113
687 1033
696 907
706 621
707 688
710 460
720 514
728 968
729 248
732 291
732 265
732 1091
741 397
743 244
743 447
759 333
762 1003
762 1045
762 540
762 532
762 882
768 435
768 369
768 448
768 671
789 411
797 788
797 625
797 903
796 307
807 246
810 405
810 404
810 903
810 788
812 466
814 419
825 1012
825 873
825 680
825 109
825 410
825 674
825 633
843 1063
843 975
865 798
866 80
867 623
872 69
879 1072
883 916
901 29
901 915
901 604
906 333
908 136
907 305
907 820
907 584
907 10
907 516
907 860
907 1003
907 578
907 318
907 714
909 125
923 696
927 1089
927 1092
938 119
948 65
948 664
948 413
948 637
955 581
956 693
956 1083
966 926
966 189
974 852
976 493
976 535
976 386
976 16
977 395
977 748
990 805
1000 373
1006 16
1006 446
1006 82
1006 535
1006 386
1006 1040
1006 976
1006 322
1006 493
1006 530
1006 430
1006 764
1006 557
1006 425
1006 337
1006 691
1006 849
1006 918
1010 762
1010 850
1021 319
1033 335
1033 582
1033 744
1033 687
1033 675
1033 99
1033 595
1034 976
1034 16
1039 89
1044 487
1051 416
1057 825
1058 241
1058 133
1058 522
1068 815
1076 262
1081 599
1079 619
1087 668
1087 748
